10073:
855860
1842060
1566161
10118:
2041199
10355:
1831791
10426:
1987864
1713500
771776
2068465
810353
905900
2632181
190492
138799
110545
1798437
2317218
1466484
1390566
1091:
2389342
11252:
1901959
186826
11262:
66263
2165724
502086
2180916
1117947
2181205
129060
2631565
2445368
1215358
290104
1060970
378302
1608710
1584211
11623:
2404146
608196
2306606
64347
2072826
1813609
2339656
1086016
1892469
11689:
1209344
11886:
2482196
2081171
2524823
1684362
1557627
1464365
620557
1397343
1611366
241131
2080166
1420814
1796384
95329
1575849
1351706
1084980
399402
69368
374991
1144881
11941:
41179
618236
1455957
2507646
975421
2489014
425737
2095681
2529818
1201038
935384
716446
738964
469151
2146460
752108
591561
1499066
2523444
1001924
2358762
905370
232596
11944:
999844
12084:
2385622
604260
2605439
431666
1315565
2648490
2022061
1356792
215385
1170660
2223228
1395116
2551427
1310961
571054
626777
929512
2161644
115123
1145072
1137785
2136880
2238427
2247105
1983442
2219142
1812105
1217261
689647
72530
168356
14946
1073293
1205800
957929
1165451
2027501
493807
2213067
1775595
776697
568614
1563338
430495
2418287
594884
587429
2245381
1271544
1149933
1740817
2248973
546922
619387
1326893
1162557
2580752
1317183
2124155
1809772
2425004
2048321
288203
806292
1998197
2167698
754858
2271323
1128455
1698126
1026106
664605
588421
747816
2621426
1863193
485754
2067593
1429899
1886917
30919
1018194
464117
457192
1606405
732925
1440858
873400
2562097
1334442
2368702
99732
2056329
1435788
1461701
2159309
42143
2311666
1520522
832791
971768
1516623
1353395
84556
2160191
1799171
755300
10261
2561421
597335
1472437
1713747
687586
2329808
2457827
1092427
1143067
900031
3612
153576
2058643
327995
334554
2537479
1688334
782446
12390:
307151
2347741
2274543
1711912
2391409
2424006
1971590
12448:
1608800
654230
272070
12451:
2621543
12494:
2056735
1639417
998607
1814570
337986
885498
1843135
2208322
1584194
970315
1605255
998973
1592286
2341715
1402889
2180448
1903207
1155535
580109
1220741
1803404
1474646
1355014
1223504
1288190
1054138
1681947
991691
555572
1873465
1261312
244504
1639560
1825873
1966552
287313
530806
797285
1558683
901644
119816
2140569
2439519
1618515
1248386
1499729
388932
1710813
164096
642200
734247
12972:
688065
1301:
719422
13187:
2287402
1637761
1664807
810977
1799438
13202:
1489714
1333:
807738
13353:
2495370
225173
13453:
2079559
314864
2465317
1525111
1871617
13465:
1535959
13647:
1254026
13846:
544684
13872:
470306
13914:
1761054
617861
1784475
182262
1573256
2180768
867205
2555715
2342272
2481394
2028811
1505167
1953155
855274
1663133
2115347
1049334
536328
54628
658026
2094428
2393048
799746
2542969
15966
2535144
348234
1555519
881941
1691942
8160
598415
874874
515523
1020135
2191331
2274712
713588
2316944
1359777
13924:
185045
14005:
1709218
817360
1005308
1054724
2146296
2258994
1352589
472436
739405
14090:
1030520
1895774
530962
2303379
866419
2609453
1919419
14227:
958315
2468881
143:
1053937
1679704
330905
26049
2493564
1277391
964032
598305
1214270
156074
1138001
1884349
434214
989268
1743669
2000527
1631504
1304553
1825682
849293
1184688
907879
2265014
702169
56054
1474657
1331245
2587949
1166965
1258300
714534
109081
212329
149468
1045134
2411214
2104319
910400
991974
1797413
1925262
763558
9632
1740363
2448474
1005664
501739
622176
1350157
2149604
1396860
1819410
1529636
413379
1534596
691661
515138
2126890
2643296
364412
2361592
786259
267221
1543351
2517629
1545783
2046426
2030106
2437888
1783900
1962421
1037251
815576
2197475
1281538
1963826
443180
979835
2216060
732085
1889626
1393001
1467900
806868
2598009
1288563
2327733
2188640
438984
1085846
2038570
1730713
440379
2456872
485283
1081552
1706866
1007970
1038979
110753
1137956
1286411
1538852
1540779
1904335
2377100
1992829
2058895
2048535
2265476
2003480
1082998
2590606
1954316
2045733
138582
1227992
2458901
43148
1271554
1940564
769146
1935014
1145648
182996
514718
2530211
1486389
883525
18781
115668
313269
435760
1876756
726534
365418
640252
1489684
130797
2503823
1415648
1440266
1408326
786688
1081744
324148
242178
191030
2142018
2450339
1758068
616230
649128
1159384
1757506
2217726
2245503
1930950
294111
518236
2631793
217345
2166511
1191177
14580:
785608
2331696
1239115
14727:
1200637
1173127
2207493
1122096
688406
1160598
523109
1974844
42651
14764:
470500
1533848
14786:
1350094
2050536
2159285
730529
2084710
337549
1703456
14853:
2409694
789105
14914:
2159770
14915:
50704
1125401
1891888
1013116
554129
1459547
744631
806483
82779
1689449
14973:
1392077
129430
1854849
935110
505109
15128:
2469013
35994
15153:
780490
115440
802056
35994
15200:
2114874
2595888
1347579
422438
2470762
829598
513618
970586
1455707
1436573
1052870
15264:
2634314
703706
1852386
15325:
859598
2154721
2622843
15386:
1139933
15441:
595339
15546:
336225
1688294
15613:
531166
15778:
1388044
15873:
1255703
1911534
15966:
1024854
485578
981977
672988
124395
1576715
15993:
1465238
1023399
16028:
182266
16124:
1650641
159730
16167:
2086130
16191:
782660
16214:
1601348
1986227
326049
16242:
1979962
2502999
264075
2569816
2529537
2391396
2320124
1337655
2081055
1873176
1942571
362064
1584345
1161211
2019845
1050145
247252
2325064
2442891
1779743
1552442
669656
63028
835635
1375038
218194
1013657
508720
425375
63605
424743
2603226
781581
1474357
1475031
118069
2014818
120256
16331:
200071
2591471
1760618
16457:
1821967
16574:
2027062
16625:
248239
16630:
512348
1958144
761594
338790
2009645
1677:
2399376
17021:
1228890
17346:
813472
1856677
1402631
100879
277154
2583684
17480:
2155333
616126
710995
472522
1615319
819280
2227843
521714
2563636
2018610
2258402
2013999
610174
2140698
887191
12525
1010652
1354920
1313944
626651
3097
1968276
2461581
1576653
1698154
1554697
1452215
1416010
2402936
2274460
1425640
2179797
2267656
295007
1713902
17590:
1808060
1871:
2592898
1771655
1607206
1874:
2061241
1033448
1832374
2127:
433803
2385304
1827130
2160:
1820841
743752
1305920
244791
966823
1735438
2130610
1710722
513177
2298:
1497676
257:
962864
962487
1637341
1672826
957575
1269556
1814344
1605788
2540240
1100551
1686423
345351
1630004
902532
246561
1598233
198638
1614636
1391554
2598093
1491479
461394
46133
1718077
393514
1044851
1148299
48563
750257
292822
1936353
980939
1049793
1219615
78143
1709316
1812977
1469489
699179
979542
348661
921213
1086447
913489
847255
1622836
466674
2459517
1712493
2172885
278678
1548067
545670
1013841
2209830
2240502
40408
1442279
983906
1321405
1979421
282933
1508042
1730
2119509
121060
1780520
1284898
2242407
722626
2174965
1103517
1584693
196938
1514744
2491226
2477261
388378
151539
42300
354978
2320268
483185
111999
381795
2564142
1758473
570443
986257
643544
1501564
1749795
1472385
233730
2030678
156235
151476
640558
2646608
247550
1174612
2603271
2387986
219487
165600
1226971
2009582
1663522
701375
818061
1057675
2441862
1793415
1508128
873264
248496
2636781
2397971
195641
1994031
1384334
1676026
1550708
2115442
109408
2299730
615061
719730
47100
115859
1161064
2294365
259692
581948
3994
90711
2466304
201096
2184389
1356127
2404298
1828436
670926
2443446
646944
64455
2263022
1420381
2632141
1449643
669560
1184019
1295698
2310457
1823915
2043603
2624513
144086
1304100
2146108
2418109
2625:
2077983
2769:
80017
254887
1372916
1550080
484842
398328
159325
337345
1450148
537147
384025
1861095
2796:
464095
1093403
620086
1650462
1912307
1696624
1943465
1019959
1703363
1057605
1644944
697334
450964
2386315
2617039
2944:
2565487
1938950
454801
815302
145032
821883
229617
1921303
2465780
462898
1972447
2519921
856019
993198
1938930
2509180
1704890
325815
553551
1383895
547358
2616023
219704
438579
359104
1248214
1529076
1763560
493317
2473433
2525351
1297965
395634
2264750
54671
2165037
1568024
347988
613973
1323
2596986
130624
2253953
803605
2254047
2982:
861061
1400877
3186:
2630836
3304:
888291
3322:
600926
1980139
342:
967937
1966639
2558472
1274499
311094
1845582
1198982
1066915
3973:
1082903
4007:
2219523
1584153
4109:
603858
176006
1622305
2142569
2137223
669394
1074433
1100170
2265274
668938
732072
234929
654723
651895
2224656
1747788
1897166
1528480
297580
104573
903746
1330017
712649
1941811
2270910
2317439
2399101
2262480
728348
1333236
2362305
224809
809034
1873597
769063
1472337
2536192
1312289
2339751
421015
1003679
929732
1559455
1629084
227311
2329878
1797804
97622
1410173
2283006
1314682
594440
2110488
2309950
1656801
1467095
1877602
2544346
646501
1918791
327091
1078006
829168
105277
2539837
238318
2358790
1157091
1229650
4210:
135348
840237
507921
422991
293310
997682
503187
1711039
746486
483170
30567
393547
1097214
197435
578008
2499360
679016
1144892
970364
1409445
597447
2055345
117581
282273
1493142
268676
382806
2529042
334670
2013883
1277709
2321878
1572321
1697248
1810886
1898929
2081120
755007
132959
705504
1021747
993450
1818689
48713
1623049
1781247
1778649
1023176
4241:
1972423
4251:
694007
2121618
4324:
2132983
967217
4343:
457527
1797532
1323872
4593:
47672
4599:
2649084
2085836
926900
282097
1963471
1524433
4741:
2646820
275079
4849:
766766
1439160
723818
1277407
80445
792270
971175
2315831
976345
2546182
2607018
4955:
1284078
906020
5044:
2210667
1659535
5618:
1586162
5876:
2474843
173048
345702
423567
1808989
5889:
2314169
639582
604:
1926450
2504521
6120:
1487427
576030
2324800
1044034
1304131
6176:
1387670
890779
323259
974402
2166555
10791
2065741
442118
1546961
960681
1368426
388609
230291
431606
1279496
1827300
816029
6547:
2644762
6552:
96081
1423523
1878144
154686
491549
437418
1757186
1770658
1327446
2012116
1539698
732420
2128541
1589063
1852952
2543313
1382056
1561073
1369242
1699601
2351543
874761
625779
1542185
1388947
972353
517214
1945163
1667565
915673
6687:
251616
869270
2287105
746987
1158070
659516
2490847
2475794
57163
2163934
140164
472898
6772:
842700
912577
6802:
2138016
6852:
649677
2015498
139188
7166:
1075194
1172091
1096731
1393314
1313783
990776
1805407
2379812
615537
2059967
1644273
1061495
282115
274911
2321001
1607071
2461045
2142899
2018900
1520727
1167257
1877593
1553966
500422
194678
906508
1462235
2403182
823478
2479232
2226360
441999
2241912
914575
1582523
1791328
1513562
2614232
2555013
833181
2392227
1849617
1251854
1802297
316697
168420
71838
211121
1141636
1415865
1923997
1129598
1888241
1689472
539617
953772
1543602
2455997
839867
723:
1597771
1630480
433653
470164
637282
2633546
256969
1249912
309224
13773
2521528
174471
1103457
2440793
2121007
713021
742701
1736643
1734814
2503860
615919
2305590
703009
337928
1379470
1293826
1164690
479444
552962
1768382
1423681
2102656
1260410
2024819
892775
174577
7626:
2331989
7737:
1303385
312972
2447
1942793
198706
1169171
1988735
872036
367727
7876:
164344
2426793
177037
2212128
1101797
542520
539278
982089
196360
791:
1110582
8064:
1570077
8107:
1053937
1865013
1612954
1819271
438369
2336685
421973
213902
1521420
1793871
2266426
2168581
1964200
2519268
1246772
2083654
1538351
1666386
1969099
839185
2411725
1514935
1193857
2412161
2406014
1483833
145068
2270985
2614330
1189272
1900670
1198449
2630895
516854
1473742
2436692
1271246
2006012
2353766
2154240
257387
825554
8117:
1681463
1691749
167032
2101373
1613134
1431678
566430
2585339
1951399
2257505
1098360
1864857
1947011
2470562
1025234
900137
1541780
1281560
1843607
1025371
1697877
2383567
1063391
632033
8322:
716976
838:
627615
594572
8387:
2105852
1675150
2044887
2384691
2633404
715598
1741609
691688
1987734
1026927
1821549
2506541
2449799
1803381
889425
567286
1093447
1921856
1309483
1375789
1347712
26524
1231913
695
1342539
476184
311542
881287
1687896
1467696
190644
1570147
1293463
2332105
2122687
1706282
1018551
211973
1115808
1625446
2006195
2099824
937591
2427517
2249467
2489911
1927133
384809
256642
968637
448195
2327899
783819
2078208
781787
810009
715146
849600
1973109
2075052
272157
1651395
108856
618228
1537289
1687198
263411
1417437
93441
726089
113727
565061
120322
4127
1934017
2249568
1553885
837165
1915866
988628
1958343
2461425
2420054
2510850
1837063
2310629
1290933
2647161
568471
854823
1583013
1598632
583489
1833685
317313
2209595
1723360
2339071
197437
2130767
1588017
305295
618686
903889
1794244
919746
1288551
1094869
645941
994238
1596847
73697
2456853
206248
8448:
1076895
2031856
306848
861:
2362882
594654
534993
2371949
1146589
8762:
1494885
8795:
1907104
9191:
672450
604806
2253438
9311:
441146
2345403
939:
2220846
1032853
2018908
66877
1122030
1397235
1928848
9423:
335842
9520:
772281
2410548
238384
2603627
1569852
2078268
1317440
9682:
333537
9778:
1139704
2128080
992:
2503691
1632716
1931804
2276305
313046
266250
2484233
421859
2168467
2186107
2161048
2477529
1214282
1002876
1504522
2565983
1734539
77918
1875589
1336985
548585
981707
1241268
421256
1368959
2633414
998759
1834881
1927251
470979
2393941
422838
271854
